25,245
26,213
25,244
26,212
26,211
25,243
25,242
25,241
26,210
26,209
25,240
25,239
25,238
25,237
26,208
25,236
26,207
26,206
0,495
26,205
26,204
25,235
25,234
25,233
26,203
26,202
25,232
25,231
26,201
25,230
26,200
25,229
26,199
26,198
25,319
26,197
26,196
25,228
25,227
26,195
25,226
26,194
25,225
26,193
25,224
25,223
25,222
25,221
25,220
25,219
26,191
25,218
25,217
26,190
26,189
25,216
25,215
25,214
25,213
0,494
26,188
25,212
26,187
25,211
25,210
26,186
26,185
26,184
26,183
25,209
25,208
25,207
25,206
26,182
26,181
26,180
26,179
25,205
25,204
25,203
26,178
25,202
26,177
25,201
26,176
26,175
25,200
25,199
26,174
25,198
26,173
26,192
26,172
25,197
26,171
25,196
26,170
0,493
0,492
25,195
0,491
26,169
25,194
26,168
25,193
25,191
25,190
26,167
26,166
25,189
25,188
26,165
26,164
26,163
25,187
25,186
26,162
25,185
26,161
25,184
25,183
26,160
25,182
26,159
25,181
26,158
25,180
25,179
25,178
25,177
25,176
26,157
25,175
25,174
26,156
0,490
0,489
25,173
25,192
26,155
25,172
26,154
26,153
25,171
26,152
25,170
25,169
25,168
26,151
26,150
26,149
26,148
25,167
25,166
25,165
25,164
25,163
26,147
25,162
25,161
25,160
25,159
26,146
25,158
26,145
26,144
25,157
26,143
26,142
25,156
0,488
25,155
26,141
25,154
26,140
26,139
26,138
25,153
25,152
25,151
26,137
26,136
26,135
26,134
26,133
26,132
25,150
25,149
25,148
26,131
26,130
26,129
25,147
25,146
25,145
0,487
26,127
26,126
25,144
25,143
25,142
26,125
25,141
25,140
26,124
25,139
25,138
26,123
25,137
25,136
26,122
25,135
